86356       16285    01/31/2007       0.077153       0.077153      0.019404      0.018469      0.022283      0.021357      0.014059
86356       16285    02/28/2007      -0.010188      -0.010188     -0.013994     -0.015986      0.002110      0.000857     -0.021846
86356       16285    03/30/2007       0.033999       0.033999      0.012946      0.011471      0.006545      0.004805      0.009980
86356       16285    04/30/2007       0.023831       0.023831      0.039821      0.038455      0.027044      0.025768      0.043291
86356       16285    05/31/2007      -0.040660      -0.040660      0.038932      0.036643      0.023123      0.021362      0.032549
86356       16285    06/29/2007      -0.011671      -0.011671     -0.014754     -0.016117     -0.007906     -0.009856     -0.017816
86356       16285    07/31/2007       0.006837       0.006837     -0.031758     -0.032762     -0.043537     -0.044642     -0.031982
86356       16285    08/31/2007       0.052469       0.052469      0.011631      0.009678     -0.011737     -0.013312      0.012864
86356       16285    09/28/2007       0.144282       0.144282      0.040849      0.039332      0.025363      0.023661      0.035794
86356       16285    10/31/2007      -0.074833      -0.074833      0.025833      0.024692      0.017406      0.016144      0.014822
86356       16285    11/30/2007      -0.071191      -0.071191     -0.049327     -0.051275     -0.076617     -0.078118     -0.044043
86356       16285    12/31/2007      -0.010140      -0.010140     -0.004428     -0.006515     -0.010989     -0.014282     -0.008628
86356       16285    01/31/2008      -0.189816      -0.189816     -0.062147     -0.063252     -0.045082     -0.046160     -0.061163
86356       16285    02/29/2008      -0.019710      -0.019710     -0.021664     -0.023605     -0.021401     -0.022916     -0.034761
86356       16285    03/31/2008       0.132018       0.132018     -0.010420     -0.012158     -0.025310     -0.027567     -0.005960
86356       16285    04/30/2008       0.048593       0.048593      0.051106      0.049781      0.031907      0.030490      0.047547
86356       16285    05/30/2008      -0.040908      -0.040908      0.023841      0.021528      0.031786      0.029774      0.010674
86356       16285    06/30/2008      -0.089304      -0.089304     -0.078433     -0.080247     -0.086625     -0.088745     -0.085962
86356       16285    07/31/2008      -0.079034      -0.079034     -0.013328     -0.014677     -0.001296     -0.002657     -0.009859
86356       16285    08/29/2008      -0.009535      -0.009535      0.010563      0.008574      0.013023      0.011122      0.012191
86356       16285    09/30/2008      -0.102286      -0.102286     -0.098007     -0.099796     -0.120095     -0.122188     -0.090791
86356       16285    10/31/2008      -0.317694      -0.317694     -0.184603     -0.186091     -0.205222     -0.206835     -0.169425
86356       16285    11/28/2008      -0.140144      -0.140144     -0.084615     -0.087354     -0.130320     -0.132591     -0.074849
86356       16285    12/31/2008       0.063214       0.063214      0.022148      0.019081      0.042177      0.037024      0.007822
86356       16285    01/30/2009      -0.138968      -0.138968     -0.077324     -0.078717     -0.024042     -0.025384     -0.085657
86356       16285    02/27/2009      -0.095674      -0.095674     -0.100212     -0.103398     -0.107667     -0.109769     -0.109931
86356       16285    03/31/2009       0.155474       0.155474      0.086690      0.083432      0.107470      0.104391      0.085405
86356       16285    04/30/2009       0.311306       0.311306      0.109359      0.107523      0.192762      0.190929      0.093925
86356       16285    05/29/2009       0.069824       0.069824      0.067789      0.065139      0.102330      0.100210      0.053081
86356       16285    06/30/2009      -0.027809      -0.027809     -0.003098     -0.005040      0.023921      0.021352      0.000196
86356       16285    07/31/2009       0.240514       0.240514      0.081719      0.080298      0.085217      0.083763      0.074142
86356       16285    08/31/2009       0.041882       0.041882      0.031459      0.029300      0.056864      0.055310      0.033560
86356       16285    09/30/2009       0.065944       0.065944      0.045222      0.043582      0.071251      0.069383      0.035723
86356       16285    10/30/2009      -0.056356      -0.056356     -0.027993     -0.029250     -0.050612     -0.051739     -0.019762
86356       16285    11/30/2009       0.098788       0.098788      0.057098      0.054642      0.028444      0.026485      0.057364
86356       16285    12/31/2009      -0.038414      -0.038414      0.028419      0.026392      0.055000      0.051972      0.017771
86356       16285    01/29/2010      -0.021674      -0.021674     -0.037096     -0.038109     -0.011388     -0.012292     -0.036974
86356       16285    02/26/2010       0.000000       0.000000      0.034775      0.032689      0.033603      0.032232      0.028514
86356       16285    03/31/2010       0.171481       0.171481      0.063605      0.061920      0.069271      0.067236      0.058796
86356       16285    04/30/2010      -0.118198      -0.118198      0.020043      0.018930      0.057837      0.056691      0.014759
86356       16285    05/28/2010      -0.099664      -0.099664     -0.079137     -0.081225     -0.076968     -0.078468     -0.081976
86356       16285    06/30/2010      -0.084073      -0.084073     -0.050717     -0.052457     -0.056666     -0.058741     -0.053882
86356       16285    07/30/2010       0.066293       0.066293      0.070293      0.068595      0.059958      0.058700      0.068778
86356       16285    08/31/2010       0.110952       0.110952     -0.042813     -0.044939     -0.047592     -0.049109     -0.047449
86356       16285    09/30/2010       0.050366       0.050366      0.091517      0.089634      0.096370      0.094440      0.087551
86356       16285    10/29/2010       0.223771       0.223771      0.038531      0.037009      0.040681      0.039487      0.036856
86356       16285    11/30/2010      -0.024113      -0.024113      0.005107      0.002907      0.010661      0.008899     -0.002290
86356       16285    12/31/2010      -0.044955      -0.044955      0.067150      0.064817      0.068774      0.065393      0.065300
86356       16285    01/31/2011       0.090909       0.090909      0.019157      0.018203      0.014412      0.013611      0.022646
86356       16285    02/28/2011       0.103590       0.103590      0.038165      0.036232      0.037036      0.035725      0.031957
86356       16285    03/31/2011      -0.073571      -0.073571      0.003366      0.001781      0.008605      0.006786     -0.001047
86356       16285    04/29/2011       0.107925       0.107925      0.028688      0.027573      0.019203      0.018109      0.028495
86356       16285    05/31/2011      -0.093632      -0.093632     -0.014935     -0.016942     -0.018550     -0.020191     -0.013501
86356       16285    06/30/2011       0.035290       0.035290     -0.018395     -0.020161     -0.024106     -0.026251     -0.018258
86356       16285    07/29/2011       0.014874       0.014874     -0.022469     -0.023610     -0.021813     -0.022838     -0.021474
86356       16285    08/31/2011      -0.057405      -0.057405     -0.057472     -0.059612     -0.075715     -0.077329     -0.056791
86356       16285    09/30/2011      -0.044704      -0.044704     -0.084873     -0.086564     -0.100921     -0.102888     -0.071762
86356       16285    10/31/2011       0.079349       0.079349      0.113982      0.112571      0.107697      0.106575      0.107723
86356       16285    11/30/2011      -0.070374      -0.070374     -0.006226     -0.008893     -0.020645     -0.022480     -0.005059
86356       16285    12/30/2011       0.025008       0.025008      0.003702      0.001453     -0.003561     -0.007020      0.008533
86356       16285    01/31/2012       0.041708       0.041708      0.054077      0.052929      0.085342      0.084432      0.043583
86356       16285    02/29/2012       0.131192       0.131192      0.041186      0.038914      0.036494      0.035003      0.040589
86356       16285    03/30/2012       0.032457       0.032457      0.023994      0.022110      0.017600      0.015303      0.031332
86356       16285    04/30/2012       0.111653       0.111653     -0.006801     -0.008019     -0.009106     -0.010235     -0.007497
86356       16285    05/31/2012      -0.044612      -0.044612     -0.065531     -0.067942     -0.068438     -0.070404     -0.062651
86356       16285    06/29/2012       0.071957       0.071957      0.038156      0.036055      0.034177      0.031622      0.039555
86356       16285    07/31/2012       0.054511       0.054511      0.010266      0.009012     -0.003281     -0.004484      0.012598
86356       16285    08/31/2012       0.071558       0.071558      0.026265      0.023665      0.024820      0.022964      0.019763
86356       16285    09/28/2012       0.018959       0.018959      0.026539      0.024597      0.034924      0.032690      0.024236
86356       16285    10/31/2012      -0.002274      -0.002274     -0.014101     -0.015550     -0.013487     -0.014781     -0.019789
86356       16285    11/30/2012       0.094488       0.094488      0.006193      0.002953      0.002790      0.000142      0.002847
86356       16285    12/31/2012      -0.034500      -0.034500      0.012531      0.008980      0.021872      0.016406      0.007068
86356       16285    01/31/2013       0.097501       0.097501      0.054093      0.052887      0.063509      0.062680      0.050428
86356       16285    02/28/2013      -0.022512      -0.022512      0.008331      0.006128      0.003500      0.002060      0.011061
86356       16285    03/28/2013      -0.008956      -0.008956      0.035274      0.033508      0.031412      0.029529      0.035988
86356       16285    04/30/2013      -0.033751      -0.033751      0.014945      0.013768      0.002477      0.001376      0.018086
86356       16285    05/31/2013       0.032640       0.032640      0.019066      0.016508      0.023973      0.022131      0.020763
86356       16285    06/28/2013      -0.043993      -0.043993     -0.015039     -0.017055     -0.013012     -0.015631     -0.014999
86356       16285    07/31/2013      -0.000580      -0.000580      0.052681      0.051243      0.054898      0.053720      0.049462
86356       16285    08/30/2013      -0.032888      -0.032888     -0.025714     -0.027891     -0.017278     -0.019029     -0.031298
86356       16285    09/30/2013       0.116123       0.116123      0.037477      0.035682      0.051828      0.049754      0.029749
86356       16285    10/31/2013      -0.055292      -0.055292      0.039851      0.038564      0.025762      0.024591      0.044596
86356       16285    11/29/2013      -0.041548      -0.041548      0.024947      0.022824      0.023398      0.021660      0.028049
86356       16285    12/31/2013       0.086006       0.086006      0.026126      0.024071      0.025242      0.022010      0.023563
86356       16285    01/31/2014      -0.030347      -0.030347     -0.029957     -0.031063     -0.001282     -0.002254     -0.035583
86356       16285    02/28/2014       0.104699       0.104699      0.046173      0.043937      0.044257      0.042687      0.043117
86356       16285    03/31/2014      -0.060065      -0.060065      0.004469      0.002751      0.001027     -0.001095      0.006932
86356       16285    04/30/2014      -0.061731      -0.061731      0.001660      0.000495     -0.022319     -0.023436      0.006201
86356       16285    05/30/2014      -0.021223      -0.021223      0.020218      0.018011      0.006647      0.004858      0.021030
86356       16285    06/30/2014      -0.013207      -0.013207      0.027941      0.025957      0.039496      0.037053      0.019058
86356       16285    07/31/2014       0.055334       0.055334     -0.020524     -0.021820     -0.035223     -0.036411     -0.015080
86356       16285    08/29/2014       0.050539       0.050539      0.040171      0.038168      0.033687      0.032145      0.037655
86356       16285    09/30/2014       0.020360       0.020360     -0.025129     -0.026824     -0.045004     -0.046891     -0.015514
86356       16285    10/31/2014      -0.072930      -0.072930      0.021176      0.019927      0.014195      0.012951      0.023201
86356       16285    11/28/2014       0.045333       0.045333      0.021150      0.018986     -0.002457     -0.004155      0.024534
86356       16285    12/31/2014       0.022595       0.022595     -0.003616     -0.005754     -0.000214     -0.003562     -0.004189
86356       16285    01/30/2015      -0.055595      -0.055595     -0.027152     -0.028223     -0.019073     -0.020095     -0.031041
86356       16285    02/27/2015       0.092642       0.092642      0.055948      0.053611      0.054123      0.052497      0.054893
86356       16285    03/31/2015      -0.003972      -0.003972     -0.010439     -0.012255     -0.005137     -0.007204     -0.017396
86356       16285    04/30/2015       0.010055       0.010055      0.008722      0.007573      0.015127      0.013989      0.008521
86356       16285    05/29/2015       0.053210       0.053210      0.010323      0.008164      0.003956      0.002307      0.010491
86356       16285    06/30/2015      -0.018253      -0.018253     -0.019258     -0.021200     -0.013477     -0.015969     -0.021012
86356       16285    07/31/2015       0.128031       0.128031      0.012095      0.010881     -0.027148     -0.028390      0.019742
86356       16285    08/31/2015      -0.035918      -0.035918     -0.059993     -0.062059     -0.047289     -0.049301     -0.062581
86356       16285    09/30/2015      -0.098488      -0.098488     -0.033735     -0.035670     -0.049941     -0.052217     -0.026443
86356       16285    10/30/2015       0.141571       0.141571      0.073960      0.072564      0.052846      0.051486      0.082983
86356       16285    11/30/2015       0.060573       0.060573      0.002442      0.000176      0.007330      0.005431      0.000505
86356       16285    12/31/2015      -0.071308      -0.071308     -0.022261     -0.024502     -0.035915     -0.039452     -0.017530